version = 'MMult_1x4_6';
MY_MMult = [
40 1.620253e+00 2.664535e-15 
80 1.950476e+00 7.105427e-15 
120 3.013078e+00 1.065814e-14 
160 4.571429e+00 1.421085e-14 
200 4.675628e+00 1.421085e-14 
240 4.252230e+00 1.776357e-14 
280 4.385138e+00 1.776357e-14 
320 3.782087e+00 2.842171e-14 
360 3.659151e+00 2.309264e-14 
400 3.547770e+00 2.842171e-14 
440 3.483225e+00 3.197442e-14 
480 3.113514e+00 3.907985e-14 
520 3.472017e+00 3.907985e-14 
560 3.440348e+00 4.618528e-14 
600 3.513881e+00 4.263256e-14 
640 3.517342e+00 4.440892e-14 
680 3.523739e+00 5.329071e-14 
720 3.499419e+00 4.973799e-14 
760 3.376920e+00 4.973799e-14 
800 2.945389e+00 4.973799e-14 
];
