version = 'MMult_4x4_7';
MY_MMult = [
40 1.777778e+00 2.664535e-15 
80 1.635783e+00 7.105427e-15 
120 2.727703e+00 1.065814e-14 
160 4.452174e+00 1.421085e-14 
200 4.666083e+00 1.421085e-14 
240 4.395548e+00 1.776357e-14 
280 4.195719e+00 1.776357e-14 
320 3.555941e+00 2.842171e-14 
360 3.546367e+00 2.309264e-14 
400 3.314602e+00 2.842171e-14 
440 3.250801e+00 3.197442e-14 
480 3.235008e+00 3.907985e-14 
520 3.238473e+00 3.907985e-14 
560 3.252540e+00 4.618528e-14 
600 3.252008e+00 4.263256e-14 
640 3.245160e+00 4.440892e-14 
680 3.336503e+00 5.329071e-14 
720 3.333360e+00 4.973799e-14 
760 3.283708e+00 4.973799e-14 
800 3.273469e+00 4.973799e-14 
];
