version = 'MMult_4x4_11';
MY_MMult = [
40 2.064516e+00 2.664535e-15 
80 2.003914e+00 7.105427e-15 
120 3.188192e+00 1.065814e-14 
160 4.810335e+00 1.421085e-14 
200 5.509642e+00 2.131628e-14 
240 5.486803e+00 2.486900e-14 
280 5.444444e+00 2.842171e-14 
320 5.478225e+00 3.552714e-14 
360 5.471240e+00 4.973799e-14 
400 5.469852e+00 4.973799e-14 
440 5.492730e+00 4.973799e-14 
480 5.476478e+00 6.039613e-14 
520 5.445068e+00 6.394885e-14 
560 5.434840e+00 6.750156e-14 
600 5.400608e+00 7.460699e-14 
640 5.424604e+00 8.171241e-14 
680 5.480392e+00 9.237056e-14 
720 5.438753e+00 1.101341e-13 
760 5.428437e+00 1.065814e-13 
800 5.408375e+00 8.881784e-14 
];
