version = 'MMult_4x4_12';
MY_MMult = [
40 1.600000e+00 2.664535e-15 
80 1.519288e+00 7.105427e-15 
120 2.160000e+00 1.065814e-14 
160 4.201026e+00 1.421085e-14 
200 4.186290e+00 2.131628e-14 
240 4.147615e+00 2.486900e-14 
280 4.126316e+00 2.842171e-14 
320 4.136068e+00 3.552714e-14 
360 4.134338e+00 4.973799e-14 
400 4.113375e+00 4.973799e-14 
440 4.146922e+00 4.973799e-14 
480 4.130112e+00 6.039613e-14 
520 4.089165e+00 6.394885e-14 
560 4.118091e+00 6.750156e-14 
600 4.115893e+00 7.460699e-14 
640 4.113805e+00 8.171241e-14 
680 4.115898e+00 9.237056e-14 
720 4.126818e+00 1.101341e-13 
760 4.116815e+00 1.065814e-13 
800 4.111178e+00 8.881784e-14 
];
