version = 'MMult_4x4_3';
MY_MMult = [
40 5.871560e-01 0.000000e+00 
80 5.378151e-01 0.000000e+00 
120 9.743445e-01 0.000000e+00 
160 1.439972e+00 0.000000e+00 
200 1.424882e+00 0.000000e+00 
240 1.415813e+00 0.000000e+00 
280 1.160376e+00 0.000000e+00 
320 1.365447e+00 0.000000e+00 
360 1.364011e+00 0.000000e+00 
400 1.356478e+00 0.000000e+00 
440 1.348051e+00 0.000000e+00 
480 1.339989e+00 0.000000e+00 
520 1.337067e+00 0.000000e+00 
560 1.332969e+00 0.000000e+00 
600 1.337490e+00 0.000000e+00 
640 1.338289e+00 0.000000e+00 
680 1.330267e+00 0.000000e+00 
720 1.320433e+00 0.000000e+00 
760 1.308445e+00 0.000000e+00 
800 1.251875e+00 0.000000e+00 
];
