version = 'MMult_4x4_14';
MY_MMult = [
40 1.969231e+00 2.664535e-15 
80 2.015748e+00 7.105427e-15 
120 3.371707e+00 1.065814e-14 
160 5.340287e+00 1.421085e-14 
200 5.755396e+00 2.131628e-14 
240 5.814511e+00 2.486900e-14 
280 5.728601e+00 2.842171e-14 
320 5.791958e+00 3.552714e-14 
360 5.813470e+00 4.973799e-14 
400 5.802357e+00 4.973799e-14 
440 5.804900e+00 4.973799e-14 
480 5.824157e+00 6.039613e-14 
520 5.774337e+00 6.394885e-14 
560 5.789125e+00 6.750156e-14 
600 5.802318e+00 7.460699e-14 
640 5.810702e+00 8.171241e-14 
680 5.801864e+00 9.237056e-14 
720 5.819724e+00 1.101341e-13 
760 5.846426e+00 1.065814e-13 
800 5.800254e+00 8.881784e-14 
];
