version = 'MMult2';
MY_MMult = [
40 5.953488e-01 0.000000e+00 
80 5.051801e-01 0.000000e+00 
120 1.250814e+00 0.000000e+00 
160 1.421729e+00 0.000000e+00 
200 1.412055e+00 0.000000e+00 
240 1.400324e+00 0.000000e+00 
280 1.348486e+00 0.000000e+00 
320 1.309097e+00 0.000000e+00 
360 1.317055e+00 0.000000e+00 
400 1.311395e+00 0.000000e+00 
440 1.295584e+00 0.000000e+00 
480 1.288455e+00 0.000000e+00 
520 1.274518e+00 0.000000e+00 
560 1.264471e+00 0.000000e+00 
600 1.261189e+00 0.000000e+00 
640 9.924321e-01 0.000000e+00 
680 9.100781e-01 0.000000e+00 
720 1.228232e+00 0.000000e+00 
760 1.189764e+00 0.000000e+00 
800 8.222232e-01 0.000000e+00 
];
