version = 'MMult_4x4_10';
MY_MMult = [
40 2.064516e+00 2.664535e-15 
80 2.003914e+00 7.105427e-15 
120 3.214884e+00 1.065814e-14 
160 4.934940e+00 1.421085e-14 
200 5.555556e+00 1.421085e-14 
240 5.457560e+00 1.776357e-14 
280 5.245400e+00 1.776357e-14 
320 4.901720e+00 2.842171e-14 
360 4.642619e+00 2.309264e-14 
400 4.467558e+00 2.842171e-14 
440 4.366059e+00 3.197442e-14 
480 4.400971e+00 3.907985e-14 
520 4.392559e+00 3.907985e-14 
560 4.414348e+00 4.618528e-14 
600 4.337262e+00 4.263256e-14 
640 4.187738e+00 4.440892e-14 
680 4.199005e+00 5.329071e-14 
720 4.005774e+00 4.973799e-14 
760 3.917837e+00 4.973799e-14 
800 3.979311e+00 4.973799e-14 
];
