version = 'MMult_1x4_5';
MY_MMult = [
40 9.078014e-01 0.000000e+00 
80 6.994536e-01 0.000000e+00 
120 1.164813e+00 0.000000e+00 
160 1.886254e+00 0.000000e+00 
200 1.870689e+00 0.000000e+00 
240 1.852462e+00 0.000000e+00 
280 1.810250e+00 0.000000e+00 
320 1.726585e+00 0.000000e+00 
360 1.687897e+00 0.000000e+00 
400 1.650654e+00 0.000000e+00 
440 1.623944e+00 0.000000e+00 
480 1.619174e+00 0.000000e+00 
520 1.619581e+00 0.000000e+00 
560 1.619655e+00 0.000000e+00 
600 1.620466e+00 0.000000e+00 
640 1.621366e+00 0.000000e+00 
680 1.616542e+00 0.000000e+00 
720 1.614045e+00 0.000000e+00 
760 1.590421e+00 0.000000e+00 
800 1.580020e+00 0.000000e+00 
];
