version = 'MMult_4x4_8';
MY_MMult = [
40 1.753425e+00 2.664535e-15 
80 1.709516e+00 7.105427e-15 
120 3.235955e+00 1.065814e-14 
160 4.754498e+00 1.421085e-14 
200 4.572735e+00 1.421085e-14 
240 4.418025e+00 1.776357e-14 
280 4.141105e+00 1.776357e-14 
320 3.698420e+00 2.842171e-14 
360 3.612404e+00 2.309264e-14 
400 3.417434e+00 2.842171e-14 
440 3.332903e+00 3.197442e-14 
480 3.321680e+00 3.907985e-14 
520 3.313413e+00 3.907985e-14 
560 3.293407e+00 4.618528e-14 
600 3.371918e+00 4.263256e-14 
640 3.227957e+00 4.440892e-14 
680 3.255815e+00 5.329071e-14 
720 3.253528e+00 4.973799e-14 
760 3.227978e+00 4.973799e-14 
800 3.144722e+00 4.973799e-14 
];
