version = 'MMult_1x4_9';
MY_MMult = [
40 1.802817e+00 2.664535e-15 
80 1.780870e+00 7.105427e-15 
120 2.913997e+00 1.065814e-14 
160 4.793446e+00 1.421085e-14 
200 5.023548e+00 1.421085e-14 
240 4.946860e+00 1.776357e-14 
280 4.642978e+00 1.776357e-14 
320 4.237150e+00 2.842171e-14 
360 3.966504e+00 2.309264e-14 
400 3.751685e+00 2.842171e-14 
440 3.631883e+00 3.197442e-14 
480 3.610814e+00 3.907985e-14 
520 3.619160e+00 3.907985e-14 
560 3.627905e+00 4.618528e-14 
600 3.635966e+00 4.263256e-14 
640 3.685913e+00 4.440892e-14 
680 3.795654e+00 5.329071e-14 
720 3.701627e+00 4.973799e-14 
760 3.689448e+00 4.973799e-14 
800 3.487596e+00 4.973799e-14 
];
