version = 'MMult_1x4_3';
MY_MMult = [
40 1.185185e+00 0.000000e+00 
80 1.178366e+00 0.000000e+00 
120 1.200000e+00 0.000000e+00 
160 1.254518e+00 0.000000e+00 
200 1.420833e+00 0.000000e+00 
240 1.406593e+00 0.000000e+00 
280 1.383893e+00 0.000000e+00 
320 1.355394e+00 0.000000e+00 
360 1.325681e+00 0.000000e+00 
400 1.334390e+00 0.000000e+00 
440 1.325718e+00 0.000000e+00 
480 1.327834e+00 0.000000e+00 
520 1.284602e+00 0.000000e+00 
560 1.335590e+00 0.000000e+00 
600 1.335877e+00 0.000000e+00 
640 1.332818e+00 0.000000e+00 
680 1.326505e+00 0.000000e+00 
720 1.308281e+00 0.000000e+00 
760 1.295287e+00 0.000000e+00 
800 1.268853e+00 0.000000e+00 
];
