version = 'MMult_4x4_15';
MY_MMult = [
40 1.969231e+00 2.664535e-15 
80 2.072874e+00 7.105427e-15 
120 3.345595e+00 1.065814e-14 
160 5.241203e+00 1.421085e-14 
200 5.813953e+00 2.131628e-14 
240 5.805964e+00 2.486900e-14 
280 5.791320e+00 2.842171e-14 
320 5.845166e+00 3.552714e-14 
360 5.862411e+00 4.973799e-14 
400 5.840748e+00 4.973799e-14 
440 5.872531e+00 4.973799e-14 
480 5.881145e+00 6.039613e-14 
520 5.880965e+00 6.394885e-14 
560 5.896716e+00 6.750156e-14 
600 5.894312e+00 7.460699e-14 
640 5.905607e+00 8.171241e-14 
680 5.904438e+00 9.237056e-14 
720 5.897984e+00 1.101341e-13 
760 5.924502e+00 1.065814e-13 
800 5.906068e+00 8.881784e-14 
];
