version = 'MMult_4x4_13';
MY_MMult = [
40 2.327273e+00 2.664535e-15 
80 2.098361e+00 7.105427e-15 
120 3.411649e+00 1.065814e-14 
160 5.019608e+00 1.421085e-14 
200 5.856515e+00 2.131628e-14 
240 5.883805e+00 2.486900e-14 
280 5.860117e+00 2.842171e-14 
320 5.876087e+00 3.552714e-14 
360 5.891281e+00 4.973799e-14 
400 5.882894e+00 4.973799e-14 
440 5.896923e+00 4.973799e-14 
480 5.917175e+00 6.039613e-14 
520 5.876910e+00 6.394885e-14 
560 5.861095e+00 6.750156e-14 
600 5.879471e+00 7.460699e-14 
640 5.900755e+00 8.171241e-14 
680 5.899841e+00 9.237056e-14 
720 5.913355e+00 1.101341e-13 
760 5.927422e+00 1.065814e-13 
800 5.886241e+00 8.881784e-14 
];
