version = 'MMult_1x4_7';
MY_MMult = [
40 2.285714e+00 2.664535e-15 
80 1.267327e+00 7.105427e-15 
120 2.539309e+00 1.065814e-14 
160 4.754498e+00 1.421085e-14 
200 4.690707e+00 1.421085e-14 
240 4.687691e+00 1.776357e-14 
280 4.383824e+00 1.776357e-14 
320 3.768386e+00 2.842171e-14 
360 3.802755e+00 2.309264e-14 
400 3.648803e+00 2.842171e-14 
440 3.533799e+00 3.197442e-14 
480 3.519292e+00 3.907985e-14 
520 3.523701e+00 3.907985e-14 
560 3.520840e+00 4.618528e-14 
600 3.497692e+00 4.263256e-14 
640 3.541864e+00 4.440892e-14 
680 3.545972e+00 5.329071e-14 
720 3.540228e+00 4.973799e-14 
760 3.515337e+00 4.973799e-14 
800 3.331934e+00 4.973799e-14 
];
