version = 'MMult0';
MY_MMult = [
40 5.638767e-01 0.000000e+00 
80 5.256674e-01 0.000000e+00 
120 1.240043e+00 0.000000e+00 
160 1.407802e+00 0.000000e+00 
200 1.379191e+00 0.000000e+00 
240 1.331984e+00 0.000000e+00 
280 1.309942e+00 0.000000e+00 
320 1.313557e+00 0.000000e+00 
360 1.299049e+00 0.000000e+00 
400 1.295455e+00 0.000000e+00 
440 1.294481e+00 0.000000e+00 
480 1.297031e+00 0.000000e+00 
520 1.294655e+00 0.000000e+00 
560 1.297984e+00 0.000000e+00 
600 1.323473e+00 0.000000e+00 
640 1.319564e+00 0.000000e+00 
680 1.319206e+00 0.000000e+00 
720 1.328559e+00 0.000000e+00 
760 1.331160e+00 0.000000e+00 
800 1.332067e+00 0.000000e+00 
];
