version = 'MMult_1x4_8';
MY_MMult = [
40 1.777778e+00 2.664535e-15 
80 1.783972e+00 7.105427e-15 
120 2.901763e+00 1.065814e-14 
160 4.302521e+00 1.421085e-14 
200 5.071315e+00 1.421085e-14 
240 5.036983e+00 1.776357e-14 
280 4.666171e+00 1.776357e-14 
320 4.305630e+00 2.842171e-14 
360 4.106319e+00 2.309264e-14 
400 3.870578e+00 2.842171e-14 
440 3.734093e+00 3.197442e-14 
480 3.734513e+00 3.907985e-14 
520 3.726937e+00 3.907985e-14 
560 3.736789e+00 4.618528e-14 
600 3.717344e+00 4.263256e-14 
640 3.724271e+00 4.440892e-14 
680 3.731378e+00 5.329071e-14 
720 3.721557e+00 4.973799e-14 
760 3.627586e+00 4.973799e-14 
800 3.482342e+00 4.973799e-14 
];
