version = 'MMult_4x4_4';
MY_MMult = [
40 9.411765e-01 0.000000e+00 
80 6.790451e-01 0.000000e+00 
120 1.125733e+00 0.000000e+00 
160 1.203821e+00 0.000000e+00 
200 1.095665e+00 0.000000e+00 
240 1.416466e+00 0.000000e+00 
280 1.396038e+00 0.000000e+00 
320 1.365276e+00 0.000000e+00 
360 1.365748e+00 0.000000e+00 
400 1.359879e+00 0.000000e+00 
440 1.341396e+00 0.000000e+00 
480 1.324233e+00 0.000000e+00 
520 1.331376e+00 0.000000e+00 
560 1.321161e+00 0.000000e+00 
600 1.319040e+00 0.000000e+00 
640 1.318032e+00 0.000000e+00 
680 1.315158e+00 0.000000e+00 
720 1.305216e+00 0.000000e+00 
760 1.316063e+00 0.000000e+00 
800 1.294921e+00 0.000000e+00 
];
