version = 'MMult_4x4_6';
MY_MMult = [
40 1.777778e+00 2.664535e-15 
80 1.726813e+00 7.105427e-15 
120 2.745036e+00 1.065814e-14 
160 4.041441e+00 1.421085e-14 
200 4.593741e+00 1.421085e-14 
240 4.341027e+00 1.776357e-14 
280 4.152071e+00 1.776357e-14 
320 3.897704e+00 2.842171e-14 
360 3.499944e+00 2.309264e-14 
400 3.491068e+00 2.842171e-14 
440 3.412957e+00 3.197442e-14 
480 3.360438e+00 3.907985e-14 
520 3.350682e+00 3.907985e-14 
560 3.354299e+00 4.618528e-14 
600 3.355314e+00 4.263256e-14 
640 3.376752e+00 4.440892e-14 
680 3.385011e+00 5.329071e-14 
720 3.391129e+00 4.973799e-14 
760 3.348393e+00 4.973799e-14 
800 3.283830e+00 4.973799e-14 
];
