version = 'MMult_4x4_5';
MY_MMult = [
40 1.777778e+00 2.664535e-15 
80 1.726813e+00 7.105427e-15 
120 2.749403e+00 1.065814e-14 
160 4.156266e+00 1.421085e-14 
200 4.584527e+00 1.421085e-14 
240 4.420851e+00 1.776357e-14 
280 4.137983e+00 1.776357e-14 
320 3.639271e+00 2.842171e-14 
360 3.546771e+00 2.309264e-14 
400 3.402988e+00 2.842171e-14 
440 3.336558e+00 3.197442e-14 
480 3.323027e+00 3.907985e-14 
520 3.320063e+00 3.907985e-14 
560 3.311541e+00 4.618528e-14 
600 3.320701e+00 4.263256e-14 
640 3.312660e+00 4.440892e-14 
680 3.324913e+00 5.329071e-14 
720 3.325120e+00 4.973799e-14 
760 3.298860e+00 4.973799e-14 
800 3.197672e+00 4.973799e-14 
];
