version = 'MMult_4x4_9';
MY_MMult = [
40 1.753425e+00 2.664535e-15 
80 1.721008e+00 7.105427e-15 
120 2.916456e+00 1.065814e-14 
160 4.229220e+00 1.421085e-14 
200 4.601668e+00 1.421085e-14 
240 4.420851e+00 1.776357e-14 
280 3.950333e+00 1.776357e-14 
320 3.524578e+00 2.842171e-14 
360 3.640876e+00 2.309264e-14 
400 3.462079e+00 2.842171e-14 
440 3.323670e+00 3.197442e-14 
480 3.404350e+00 3.907985e-14 
520 3.443827e+00 3.907985e-14 
560 3.310199e+00 4.618528e-14 
600 3.291755e+00 4.263256e-14 
640 3.296144e+00 4.440892e-14 
680 3.301990e+00 5.329071e-14 
720 3.266684e+00 4.973799e-14 
760 3.184528e+00 4.973799e-14 
800 3.081071e+00 4.973799e-14 
];
