version = 'MMult_1x4_4';
MY_MMult = [
40 5.818182e-01 0.000000e+00 
80 5.623284e-01 0.000000e+00 
120 1.183562e+00 0.000000e+00 
160 1.441492e+00 0.000000e+00 
200 1.425771e+00 0.000000e+00 
240 1.414003e+00 0.000000e+00 
280 1.398796e+00 0.000000e+00 
320 1.368955e+00 0.000000e+00 
360 1.362597e+00 0.000000e+00 
400 1.274900e+00 0.000000e+00 
440 1.348659e+00 0.000000e+00 
480 1.341639e+00 0.000000e+00 
520 1.326929e+00 0.000000e+00 
560 1.329166e+00 0.000000e+00 
600 1.338132e+00 0.000000e+00 
640 1.326875e+00 0.000000e+00 
680 1.330895e+00 0.000000e+00 
720 1.321241e+00 0.000000e+00 
760 1.313002e+00 0.000000e+00 
800 1.270265e+00 0.000000e+00 
];
