version = 'MMult1';
MY_MMult = [
40 5.446809e-01 0.000000e+00 
80 5.107232e-01 0.000000e+00 
120 1.061425e+00 0.000000e+00 
160 1.431917e+00 0.000000e+00 
200 1.444565e+00 0.000000e+00 
240 1.433133e+00 0.000000e+00 
280 1.422821e+00 0.000000e+00 
320 1.394472e+00 0.000000e+00 
360 1.384554e+00 0.000000e+00 
400 1.356464e+00 0.000000e+00 
440 1.311865e+00 0.000000e+00 
480 1.279563e+00 0.000000e+00 
520 1.264841e+00 0.000000e+00 
560 1.265956e+00 0.000000e+00 
600 1.264211e+00 0.000000e+00 
640 1.264930e+00 0.000000e+00 
680 1.260865e+00 0.000000e+00 
720 1.264090e+00 0.000000e+00 
760 1.260076e+00 0.000000e+00 
800 1.250783e+00 0.000000e+00 
];
